9866.053545258241,3.206207890977764,5636.669893603267,6542.110430516193,4860.694972315894,8654.015019528284,3320.340637468455,5662.734996207781,144.9562775062751,1925.069385299401,16.92641626554395,328.7368500676213,275.2507579881616,641.6753120021003,8560.368806416684,2799.37481468612,8298.316691771457,3543.226129360481,399.381031998473,5210.197250784805
2220.349546245593,5154.175434734639,1344.781843797618,5016.922551866451,2905.965026982228,5211.275044737923,8902.784650109512,1132.505935879673,53.51611936430015,90.89740511851791,8929.867547904902,9005.850195055467,4360.040671276513,6570.703254414397,2827.160772721583,5582.501140544664,378.8547491564299,5.678609844505484,691.8009571871199,0.001164373817134468
9421.303070223894,3232.148640914503,58.7201090892376,60.59220682666896,1421.742987457734,5198.679172105746,2457.089158433563,5871.177204043629,533.5940421638015,5661.199758871187,4267.871287651059,7906.15500922208,3712.159496620754,4465.990151271507,6778.245330833966,999.607604137658,3889.928143947756,5740.608015484884,6213.022993116499,2.768327672557236
3307.138639514772,63.77991051396056,460.1285548594897,476.1820068012431,1487.940841068883,9150.334845085519,4772.533567460919,8657.125750945281,2754.509055933545,1393.706468418216,1560.374721161009,16.2499534524689,2710.974451409944,6085.719776885267,5281.402253244157,3825.581740605954,31.57205723453797,7094.206246540359,6465.716469898355,5001.949086739823
6119.207610270634,3758.950063875011,3684.706458717097,1519.455362227069,342.3393013303397,930.8117216833253,3026.888240207832,7267.65640594743,4688.723265481352,342.3701437780131,7055.894318857369,4021.449942399484,486.8235936267035,6822.93726128353,4085.444640702068,1287.307249343443,19.49606408149372,106.220347695517,3357.264141625982,73.61930656442954
7653.268460144507,2171.526721975522,7944.572732191393,3433.267914738674,4452.185083198974,342.9299914551131,1814.620728433899,7018.473787104051,1484.07997468824,2951.263919144601,220.7428361986706,8293.781235574259,468.0212183633914,2463.266725640319,1449.601389249422,60.90863714402443,244.2372720547315,2661.30557911807,2419.214818712161,3188.402702694394
6346.71197495141,4.922911415352834,2823.231613871206,684.116024033319,86.81341164754167,3624.036681631615,495.388784656994,6652.444164989838,641.2340274795489,2033.56331792469,166.6866467312495,8163.284557651581,2305.310749771128,3654.262827022759,6822.895796407861,2673.952510733143,8219.030621832679,8244.714488139014,473.2202643829708,7462.603995450042
11.40676706483538,1965.073736932492,1211.214729347398,3336.45774120111,6411.528560265034,109.3564566983755,1872.829064959428,528.8622810025187,43.38646762684549,1964.757452593695,3843.572722720244,5106.934308158203,4903.91054236559,891.7773332208616,454.9345342269442,5432.39147249279,81.59573051094684,5508.373587377589,1672.306177648702,6156.419391285763
3951.043920751837,2089.625885787507,2920.265898521733,1295.801107515188,7968.783424543252,7952.150061006791,6693.918414682471,5425.030605034742,7033.331810521298,584.4218993009642,9.748963217890006,6381.240006057887,3649.220849038111,5535.330699489424,129.0689737749032,234.4103898676837,9398.21606938739,1111.505566546821,8956.572447772287,2018.29945584903
5573.481818731781,3481.173658272405,138.280422405389,2073.430714827014,62.76143738868308,840.0490499348067,2789.997336566955,997.1744024927826,1024.335843230338,604.8064110858801,2407.338014168452,3150.326057208633,1455.332644555272,1155.405976868738,3695.968212929522,4967.350606870587,1408.813579995476,1673.93789376423,893.9256082249088,7281.51172879564
6568.417875112576,5408.532349981245,781.80334202764,863.2292311621226,9869.215565776187,1657.518498935292,2753.348329281509,7656.28325504743,1268.80483710689,2297.159403178282,1737.173403114683,2229.854748600255,85.30953141471585,8742.309325280035,109.471518261429,6165.462767348044,129.5638661777745,107.9708192400782,56.40455440697554,2370.598206777536
8854.236406334663,1438.471704639463,2367.972343480661,746.7079945879963,2104.486072343087,8523.449529478774,62.458780379929,4.301050335007123,8376.399957603737,0.0892360357400533,8519.227460243352,144.2678720578702,6462.791286706808,750.5527985806676,7716.02998779376,4587.332306867148,6243.891780799735,7547.246772877504,1234.237375006282,5218.646110961339
9212.794803527117,1521.316519881905,9542.507299862762,7218.458038534278,1755.731602748093,488.7855045932145,35.07546058056293,8618.50979174398,123.4976719842044,1199.34036015661,9763.37469809791,3302.556330281293,8046.517196115215,7760.946006026847,2996.041202382811,661.9115738887909,138.3034394518834,1434.222956655365,8.001681885343766,502.5686867702777
2430.268923959562,2498.835387289669,8447.643897880023,8751.208343744667,1256.521648022439,850.1089023417052,1537.515189870544,5754.473915924755,633.0130555344447,1040.447204110892,1436.144493526069,4927.230880340343,6819.599035715947,2832.574921434284,923.9575815573594,26.7695324971148,9342.077617578125,44.5474803788978,1309.041326698484,973.5187397026583
2679.624714484082,3551.986059438993,1045.921384561024,209.4934600797228,2940.010500467775,2215.129093924073,0.5550555578857759,9506.000453891435,8802.37536739031,2690.067812521796,9339.332121968882,3586.667671047857,1562.00468392714,1612.761689640168,2222.127366862013,54.89462836943239,8835.956765911837,1172.088276351872,1872.534947266574,3885.306807068708
379.7998714646246,3624.564371870282,38.82403751027708,299.026461609699,79.44145223418622,7957.934997185275,1148.831332986036,8456.889414982246,5150.133284857031,715.7446334968115,84.02647558639877,4.003148394317665,6234.590642060513,1803.794778030579,9910.181361067105,5494.630042224522,2667.202788662417,2520.847087261116,7639.144750760347,506.6549249665309
4011.334438328248,8275.119318320612,3963.453837218218,5984.604127407304,9652.522796330495,5594.523333111357,9632.366110134939,184.5148266347865,5091.561643197568,5.331150620705412,2213.956180837193,230.829915210488,61.74621885742567,6.749449993792459,6.703770019038886,9692.035723930003,3761.481021026793,4.179083251418857,130.9153858771526,852.4194206161829
3646.085596521373,539.972117520976,2997.403808167305,3490.842695862532,1288.495512334772,5934.840755267635,1390.543824331593,9517.933311355753,6234.050693461958,486.9459786528702,6090.236694605285,4036.011076671522,4847.049140205884,1080.463110848804,7133.303223595787,208.4565295620707,5315.020527565582,6395.338912131423,2350.437448645443,3893.721373004381
3258.355532157567,5313.372125626456,3018.6915405649,336.3383289412182,9808.654541220749,6359.30018543147,1916.433275220994,2265.627299993876,8.050628312567408,5428.347685719889,216.6636993919061,902.5141195871772,0.2553845384976715,8274.246349668954,80.26035386217374,1270.947256118027,5316.51998201588,277.4572114886741,6438.894311912752,6192.906957032491
1107.318281568885,7124.719466791193,708.866322076096,271.4997389891876,8929.576063995231,53.36933232014565,83.50349969657968,7556.268016727392,8244.568522286514,5265.779168155005,9197.153216441577,2951.561064742228,7920.041169850886,1923.721422596159,6152.915502282262,2481.467337513196,32.13304259728153,7425.623492011996,718.4563004834721,8229.095660243242
4958.014278322033,9819.39512305825,276.0303803937682,6836.291882856499,6327.127996327407,64.3306300473886,2709.697818338215,6567.798335966861,1826.942115194719,3546.554927941798,1560.615415623579,222.6043759538631,984.3155230322174,7517.031018172552,6179.747509550782,2110.708557920763,4282.755347512567,36.01148566573937,2916.624298709958,9210.713168392997
7402.936391487299,1376.671962882867,3698.748738303278,28.35880711621538,21.32977153954971,2351.400814794132,1414.483237340185,2710.457336051626,415.362561758833,365.0530035554517,978.1535460578124,231.6892464615794,5485.529767565195,177.7359166566237,7066.518544422312,379.0335427035998,4023.436982531651,159.1476310441787,9162.401436242946,4759.771261142785
8473.21489746125,301.8042876520981,6646.517256517091,4268.158568045442,3094.799088866338,6696.754217708631,5706.177613919846,4470.706903614866,2768.347435131602,8793.499312162761,6520.839965349197,611.5858682229621,3183.673782631626,961.0793621068979,7518.793250668624,1057.53814066021,8516.629769948082,8999.904537821429,1.37279927282591,2612.790486517433
2465.090049695393,3862.184362324901,9026.574051677666,627.4204433558571,3841.110328708888,7165.320195635429,1980.283244029689,76.80714107762644,3074.047437375034,8457.897811483501,8939.364478171996,5050.051182371994,83.28584960702965,5144.355254695111,75.273409862877,1716.862640526451,2503.498933208702,2962.761704967079,53.85653088096972,8360.189440378632
3003.326139062127,7681.081508458353,2913.863778886009,77.54710147754643,1272.460856740802,19.20838714066861,742.0023083306978,2007.170065006703,250.3529100048476,6928.137518194968,3437.894616899506,12.71664878386906,1957.109320066904,2004.430487952136,3160.236261521881,2831.13193750075,5772.782325122782,15.23778938327398,1269.170511656878,147.9181033479756
5274.576226316549,12.62712924571268,4899.079915800336,5634.458056115975,6160.235316875713,4125.906602490911,3041.5193494125,2489.915867555493,3275.51040253626,6590.324698104732,8732.769885613645,8755.692942397227,3905.869482931169,55.79791188021132,602.2511670028498,296.346325910187,8748.540606856106,453.2337403739994,2323.892268936702,7.337389629135575
6367.101901177063,9159.389264676805,3319.349479896612,4649.639646433583,1800.345909370548,6866.111400587462,9851.559982642964,6106.515182138874,277.5680923934353,557.4759573587304,8082.723433762068,4256.993033706078,122.6269337968246,221.8804532571941,2.886633858790858,157.0488860449681,5095.72309078183,71.91931210208026,6401.069381395761,49.51705841847446
9041.753698831604,1960.834543174087,2639.774038345216,987.549083413983,112.7825512250592,31.09733712811628,840.8344244520291,7145.043193271213,539.8341363450501,262.6293132375242,1161.082710945589,2736.550696806881,347.6517836788746,1922.871467682012,2098.771055759201,2239.919283265966,3430.597052583189,1797.015253661472,6157.683751272688,6902.106651155103
559.8103403799346,6380.728352526938,4116.656558613978,1170.578279888783,1576.997474742735,46.3230147335484,7.404154215197694,2399.699406433902,594.4260789385017,2659.628797358651,6538.670031200962,776.9281519378543,9770.818665820327,521.7668386730037,8003.375853781651,6563.326866232595,2284.447072330943,2420.860445190796,6855.691419087001,1531.431170247787
1456.602183957552,5291.138853906271,3505.779912350784,2348.217290536152,4123.45374185322,687.6370844257968,62.95388040367898,2280.813036271036,2157.861993198483,2001.369838384396,174.9107922498065,694.3288886760371,540.7295256335927,7220.667215476652,1147.462833332617,7.18076228931443,8041.556693703864,8500.66772100478,473.7076702721942,999.5351778252224
9468.843992967326,1120.315545201228,42.00232234851806,2665.960345582384,407.3860763240775,4365.28442962313,5382.455447375053,3655.857696719951,4631.279847914275,9215.786708426678,6469.14679114947,4770.629335601251,8959.529364419413,4638.730563586195,397.4750187032598,6601.586044053906,9852.370779510773,7899.572710166673,2104.00471956926,525.620127156825
5601.712789646964,37.64320087433241,751.2934338761239,32.40020578362072,63.00876469709449,7550.216750788812,264.2108387788566,5288.507536057234,14.27513290049974,2718.641711359204,2275.956557502068,147.5003967656772,2584.374553403513,9236.890033965406,1362.834262181327,5513.507313985577,4744.459584503322,1143.760838671931,99.95765848739053,5248.654602340645
129.6387383032868,511.8729591175523,2133.657524558718,144.6987281681386,8678.255707197452,3778.623778951141,4452.99260793412,76.02389763638372,6725.886253346165,4444.278755952457,3264.03727984137,3429.327515852994,2066.818835830901,4627.619118855258,2308.55831234227,1993.194968330399,249.4049643801711,1044.732194937959,5206.864112092342,6043.076631369764
91.84383887577025,8987.257117751629,102.0201473515119,159.837568948971,1466.202306458347,2552.54341130392,1046.131516898248,676.3349598799429,54.00658276536098,211.4360545267668,1808.597611020523,3606.827308965675,3402.174399724126,4762.721626572831,2084.670450673763,307.567681782867,6849.762955019114,9552.568226098458,1950.194395680554,1377.68131949672
23.7040020511132,1656.18196423883,1424.152331110586,1025.476259682237,8748.346209445801,8349.717329325074,39.54794084790449,4735.809976257667,9865.618979014142,1366.37155472541,3523.454353560917,4867.079748698124,566.1267522327979,1.434040896991053,1039.721993376838,4481.819940143092,5418.113596547786,4598.566516343045,689.6791934502669,410.6755685874863
3068.449677554658,4401.734856709369,2573.404290754615,5372.440520737457,1073.891244739606,1520.966031868056,0.4209220035730286,409.0662836537393,1507.6093774974,545.6299106851644,4577.06005622986,2886.065830141509,3535.723774319864,695.3194490580333,7626.682075955805,105.1942170287006,930.2512436828305,3087.810100313523,1025.836838318215,4638.360609105217
1946.75121627147,825.498083969056,6096.275187977911,2676.429617150754,8855.767281223176,2754.484574643019,5150.703336911612,48.07253151189565,5673.549695229432,547.33263160199,1354.461662693539,3434.54857900501,8616.231875085416,1219.924848641167,6390.153240916516,8269.839021446527,184.8357281437228,231.5095306987829,2771.872291537241,985.7635348284608
3421.254538874943,2822.655345491335,8646.98756350455,9472.658800053323,6.969578604491481,4672.82996899064,4248.693972823063,1872.61397496896,8932.399297406258,5932.179625796794,3090.090794497942,1279.156264478504,5190.09678634624,0.2719829164101095,3293.896586518116,270.2646330167429,603.1020713173988,1577.468102222456,796.1488503691209,6590.036065831451
3651.626203314543,1179.751783361843,1265.73456070452,5785.979107062555,381.2450460686346,4286.950096332615,4418.660883193797,8216.757485146505,8321.499484877742,1935.280761171527,78.02046031790704,857.9587045206306,6292.921474341914,781.9858216678314,1957.866097989788,1456.5171603521,1762.795572838446,719.6054313087632,6723.745530780393,3014.066407171487
3187.524957501113,7299.47037824265,241.9548494584723,5996.249279662138,8.376555338746924,1545.279648661098,7839.85556267091,336.4250148615881,7970.590442809546,339.085013146254,2640.925625637324,331.7996026030523,2371.40277257153,1851.163041986158,76.99727679514923,3717.731997787899,2843.921630612212,1451.420113963953,5139.070003707263,9702.2797955763
3891.631697411174,35.81544266757625,200.1802320754241,5754.153117117287,4886.116550180216,9851.970843457559,6191.53606041426,3175.140320316031,1670.402694922179,1725.571702974515,207.9841181010978,1415.160787217943,3623.964927715483,2252.442090336821,8870.496259237028,554.8697116586997,2684.369407177758,3163.722153108026,6357.827962352266,1341.553505183204
6350.228027967841,306.8648271834336,855.9020394345317,690.1539811973111,46.54775896828565,914.5316489137856,2514.291262108807,222.9324828264415,4891.831774262052,1382.492316492665,268.0738588795154,1892.063579229872,7270.112723986765,5776.617970102471,1542.544864263846,97.29489063349568,4625.797783704413,924.4701498145838,1046.283059214727,7424.885829997454
6800.14304031181,2862.218744807868,5021.379447412414,4610.127222276516,3543.703336868623,8592.757924722286,379.9434636998802,147.8322249245346,633.9429973381538,305.6249664743611,1457.09600742033,3728.565179725264,9766.083400447973,924.8580822572628,0.06685135475840055,5387.512191175025,9958.420145383117,763.4743620714025,2970.707809102225,685.1392150021798
8030.208320169091,7806.534239868314,1375.927189058385,48.483632311131,7067.176569512404,295.2781397888517,2167.552300796206,325.1772434372158,1255.638713307668,1878.488229839955,4603.890218714858,3116.29999301514,915.7756986316006,1132.910027602477,15.26137046213666,6669.162040871982,8507.651479079723,29.02592304696499,1988.92048194336,4692.386292352594
1390.333438080082,6397.074139591931,380.2025196889382,2757.923187349698,2130.992564623491,1222.383936492746,7279.925027121998,2200.838183331936,2671.192251503809,5433.364361689141,4992.746250312818,7980.68692664521,6460.233191008312,7758.332800692557,1893.573641216447,661.2916254021651,3304.370340636169,5060.49683480987,2.138450149826383,6671.081552953354
1331.594396321329,5445.869423838047,15.64055645241357,11.67677809872282,4195.468773235247,5267.814223968992,35.36215822849893,6182.119708663864,4876.413114184336,105.8311319923228,4406.252008119818,1035.815771568602,64.38471996210902,2590.340225284897,71.34521330722818,9349.724593503777,1047.541358981484,73.8501165952661,1768.036866169273,4663.539520832895
1961.352612027915,3443.926907353316,2149.575379827793,2158.842459776934,2173.269986170247,7.113876878666824,317.7737185250929,809.6389853641642,4084.344307913727,532.1422766485257,1261.348034261661,150.9713190085186,1651.536868460043,2935.247035050301,4457.981886166101,2652.43289128817,6420.081257648922,331.7713604306859,8087.065884618301,4527.926382164565
1239.855625175535,8281.090435619941,103.4630017213269,4758.969044798666,1.828515607774628,200.448694429095,2701.037143593742,3.283683402978758,2826.837933919246,126.5558998890141,662.1070193065103,110.2494804239647,1044.325426003176,2509.519971742982,3956.903470726694,5659.678190809987,1253.036584449017,9206.870297188816,1762.82389982776,9710.870378077962
3124.784826353144,5969.003844962489,3653.656861488864,2.249650522617288,15.3035365613634,6775.180040375665,4322.039633170984,610.3695067099931,5651.432219166107,3838.291373360645,2805.956484959747,8878.249331495348,1748.522249972619,4247.803589606586,5591.567270127241,9758.799124944397,8015.505790356253,4412.904546180917,1199.90778442983,3660.477834707352
7733.299680971219,8513.190302939342,80.08130346248265,62.28537189939694,9067.450946751092,17.70131112927761,8829.710969628797,4158.666906240989,0.3215649639181878,849.6216569790867,460.3502301957816,4058.485790884782,252.8160161932251,559.8771099533742,66.16235642831306,843.2879102738328,9846.413639175997,9671.120460294669,8976.00465602415,7424.440796224654
3675.468509815493,3705.65874282205,4118.488817787673,9591.681524062804,2645.182057483276,1453.252327724163,1500.713263664144,9273.583378284618,155.8491577283215,4058.372907169671,3403.26626465959,2190.879089464778,8420.890207379269,725.4410646996173,8192.0713803497,635.0320382070006,5480.001968006747,3405.847656421518,4556.435976225528,11.56269937788199
3728.514039363515,672.5931312836768,4198.242516188732,5567.347327629214,8575.418334948727,4814.025216592781,7148.306141918727,3951.198628388571,731.5240027957382,300.8990256167509,940.2058891613732,2440.726391150711,7974.888800602974,473.0526291263312,13.49053486736819,1773.963226845833,1150.655271014984,2617.664516706889,461.9065056825684,8761.747455391158
4637.713962708346,4893.5947858828,6725.759545281061,9027.516906027473,388.66803663735,109.497312396339,7180.063317274737,3528.486278941931,593.3528561114015,4573.032055087298,1981.251341173636,4021.422492164232,141.7200504286807,2821.14103887376,9759.827647367212,494.3696100312391,1055.088389431877,1745.28118007366,6286.329743341757,924.1678348191213
5010.600377343537,5239.561474418178,5663.355830426282,1837.838161243213,5643.609603192845,2786.560102221587,567.4733871722935,1181.600188618548,1538.43119587351,405.5891195013355,7072.80940560312,617.7118380068366,1105.530700082788,1369.086069793019,1598.752696270357,2761.458475544663,2620.634704934687,2554.543831533889,8024.095549961531,496.0639438191251
2801.171074478809,5874.631652647217,4106.56226519496,6547.705945270875,1801.717537005715,6105.227609350984,1751.991271877354,236.888091550549,4785.747348964125,1609.231763992005,1880.991272566087,733.1826580977502,4645.472183186945,9741.999762528507,9902.010500192046,135.682531070379,7200.989126977196,8895.790212679427,1689.023407936425,3718.767553174475
103.1593487136708,1955.048440555071,9366.618298451844,405.3078713690692,2.011026993900163,7581.971717790863,4911.574779543782,726.7234009584247,3960.319746426743,945.6734057647577,32.49082139928675,6735.354844487206,4169.638818191639,271.1933647043772,1238.604867451242,306.336671532441,9996.405786766276,8428.757066247414,1040.727829707616,564.5961337097946
6529.933860228173,4.472970713653772,51.94271274708391,1703.604502441434,1303.992790112352,8640.575988031678,109.4453617126617,18.13791610645475,8572.01078930225,12.28435966694214,3944.385667443115,2945.061119297885,192.8539372598258,8939.175285183521,7862.230284930552,108.4825994468674,761.6733448121031,4659.161090043797,8363.351550448153,4314.670257948295
2706.299387432168,5205.450207748874,8881.103963336333,2743.51411842424,4839.111868972175,26.43623998009125,49.18690657065589,13.1655195283051,1489.289110780292,0.993507899930992,110.4715945618379,156.6484753814858,2129.02989803955,285.7767480982887,2976.397979621586,0.0206219452004997,75.75978330515589,225.239497302158,4365.449923245083,1926.136924172966
110.8016461967459,5566.762472152443,2.188307654033037,696.03997359497,9443.559480059077,4715.402961617086,9154.487209410721,4123.508914638187,2098.578286230449,8185.298728968844,3.162897965973944,583.7825260332102,37.36542783557505,7355.041477052414,1620.357682645029,2987.468493212545,3571.360580209526,294.0652283897692,5904.584178564387,9219.806031949527
3954.088788599438,3705.622388042935,7544.61609025562,3574.256565656895,3161.02876880527,160.2989162849348,2120.669933896258,481.6510021237647,333.9712579628639,2936.110294027219,190.7400944081524,221.8234538187843,106.5717107432024,5002.340679899617,749.9778926760708,1133.059606266518,759.2543445429708,2790.325453310037,8245.075407971495,1483.778349137447
9729.440353039101,1179.812748271099,1515.821014520124,6836.492929077252,402.7116285772217,6062.892708999042,3912.828278299243,1721.10729940392,9228.6351669496,2174.972616147936,56.67781213980236,828.0276898257235,5685.372277626575,0.03475056984924296,1055.903798403513,3159.564558524672,2688.302184874044,24.03035550230691,1219.099706481874,118.5650653459962
3902.457516838261,291.9338693243039,6878.19156877263,9462.6045444627,5272.165914921586,2480.062540489804,7764.682865550064,3108.680896594555,2165.025489562752,8345.358815211737,2813.249494658142,6029.859054409955,9901.769193951721,2568.525066778888,940.7085121796496,3657.907195528837,280.7947768133084,21.88042215218771,699.5996492225833,5745.904524516984
264.7263120874312,7235.789800933811,6031.50410441109,525.4696744396109,5971.169359898556,1920.793002054123,9461.250827871052,9376.180160054637,3689.672518300576,2417.932392658935,3108.823367077119,4412.928098119974,1745.487958834805,5841.003009335926,2007.401048903573,8915.724440934435,5255.720649882922,1413.757806245101,57.70746407719585,185.0591744979787
1901.420832552506,925.2343079856005,4203.137205071529,9863.382148301118,2308.684363079301,158.5285723552484,2276.954284017831,6519.909927767343,625.0735153247939,4063.592910773363,6849.581808327976,9868.363611685358,3533.506221668457,1038.84952061155,3886.080134412057,1960.744087168547,1541.893942460242,9119.550191581835,376.6598715541067,1585.129238892496
8722.830091171543,17.09169360705565,848.6603045492096,4347.567447261212,184.5054952690761,16.02149785388215,24.1544004286733,3900.654484328288,4886.481231117974,552.5164348015772,5.946443637360387,4585.770878491848,1168.125851461382,546.9128424139333,3305.570667244151,1326.621833291849,1411.626037762929,4701.166680004129,1074.274500379268,3592.068969805096
1758.424091854836,1997.33748598698,3999.056584978754,21.36762404745666,810.4556216890431,7646.480114996968,9013.404975752757,105.1986077808975,567.2823230929433,5213.104581550334,1441.96595081901,1990.006797133132,582.0554956121971,12.86880936751368,4561.904587118545,1370.26835364318,161.1110238361595,8289.340636807014,187.7883808017669,4777.928543183511
1973.110347239779,5746.672242308039,167.2972462861004,2628.699610881035,714.076618666606,1657.921359180624,2826.2185227874,3808.006712186429,4812.159970225022,1525.264940996218,4364.45597198527,32.02105841989891,1823.677076470482,1892.442429022362,1118.18681681743,6296.660482517398,1522.239962015927,6369.327624669495,267.4483219861534,7074.061174636881
310.7956713076725,4891.867825473087,120.5145560383765,4569.38392419002,797.5367961579865,542.0729558714046,472.3862693287178,6488.88316675535,3038.587131843522,1898.442299289132,6518.308758905319,4104.906056458271,8674.216983074139,7093.502063904767,9974.301539605836,759.8489417216697,2406.423513390558,5538.205344732198,1728.82262463921,10.30181151308141
788.553091317382,7405.881889805661,657.8643340906217,9.323985879926525,6350.130169652312,43.82401837345341,796.8617189291502,2679.706937618516,6427.092731661966,621.9330427358907,6614.277678359857,441.8021282388482,5271.253445575776,5735.754555683985,7956.69922079483,724.3956702300802,641.8365218556946,109.8882316583593,6486.249716442369,567.0127308266465
8031.755524304503,2209.358892559715,4350.909627848901,811.0599392696406,5566.027592474301,5070.779217598792,2068.325438577318,16.17810573182136,7896.040990935408,195.5371752814782,1268.054402093778,24.6537876366516,217.2812381126273,7157.482914422645,13.01342678715074,7539.42040942598,4732.946946329274,699.881379086008,8831.93897315365,5002.590579873709
1064.802456731909,6974.866710913529,1640.104461795349,995.8738069009305,2893.392468742213,1517.329137399659,3257.675416056106,9077.625061331984,8595.434801915073,3706.047311438129,1794.963629495897,7654.702503075984,6429.993412118232,7055.467334140415,7511.183803856805,7524.30463691851,5535.228085500265,128.9371301502974,2437.010124114713,1963.294887921525
7037.819005038704,49.49453796297129,7582.521843800631,3193.058377184443,2066.174185899822,7501.533032331649,309.6591171056737,145.9074533274046,2893.635891733648,1040.969642909787,3350.878969424635,7995.456943066037,779.0681264935611,776.6665385685714,8542.658130960013,4311.914251951146,930.8705066022261,2267.648599659521,3820.81188917213,175.237864904662
5036.482903846801,2843.312528592393,39.04389166214082,1544.312220832018,2198.767370544678,434.6446187994624,935.119376101016,5912.829903932382,6849.56376300854,833.2114705760509,220.2918928484674,9056.270913303466,1924.736012213164,2734.626091502686,7472.898247960698,6098.923429215208,443.9402094306979,7748.441897405331,0.3785590581884688,7358.335618755146
2350.11033978556,7.65939123212252,2809.66734490524,4241.258037879875,337.7094338955914,5172.318295966975,2301.745146673287,4906.893894973301,8133.173825715831,588.7441745080215,9601.888200669762,7293.240778546324,9109.424532687764,1740.15354989637,231.9461608784095,1828.55685559855,141.092554618446,6.835707476976395,7462.245685902482,992.9024967474921
2181.677759356633,4540.161360582178,5437.662371986878,9598.426611312019,543.4531778946973,120.4050874574496,8976.930595665081,5258.526408286963,9994.460416410395,7872.641216248168,93.35713403149323,260.0866334064949,2090.523806260635,4608.47645209288,7708.573569957584,9260.259581558341,4762.639862004082,6340.912938578847,3257.964633550708,5499.346687737218
494.0965897798005,1910.789457345513,1550.847301396865,8563.63549793263,6140.728707039425,646.5832408949923,7071.358225655103,7899.288863571066,4011.248517571491,91.65496755278575,1029.436597856853,846.8873626479844,2058.769825109517,8082.683912474399,213.6501983517499,9876.049789355549,2557.211236445479,4526.767931907554,3594.207285749406,111.7332839744361
9698.971173112039,9340.453353793342,475.8826885226363,1667.781412739202,660.0179082185439,1499.621618631968,206.6101348083017,7988.417875414327,239.3290508237783,1944.469145243435,220.8218757842232,141.039061683491,2176.419039005052,696.1503766219918,2078.567644162369,3035.157134964358,550.6260134480585,6590.111114214023,3408.364575927926,1879.985223506633
9216.920346487794,877.1058470579303,116.9004029751341,6609.736433313321,3734.365499452877,8869.799650531393,3397.051476878316,2743.625833828914,633.0478276095021,5950.3553871391,1068.379019484331,140.265508880341,9820.926717523651,5990.243083395471,7875.982764242888,4068.372911512451,3178.256886956167,1175.170946249096,1957.568509335011,6244.410898847997
646.6338855006946,24.39377193580881,5484.803108722792,961.4808394649324,9552.061276063532,2661.895999607895,487.0965669461312,1026.355082114767,3383.94271451801,964.0952166046835,323.2597805812426,901.9284926143713,5146.233256848393,7098.80770121626,5985.693184251324,5506.836170029263,2234.360490137739,6791.086668892867,2303.507531941117,7406.166040107832
787.9815507429181,3089.071399962622,9854.404000221539,8203.022000677895,2078.162759214438,1062.653738989649,7087.78496609114,221.5197956378638,362.1608603527306,8706.333510669261,4545.767960877042,719.3392976845562,1363.994047294441,681.499794636469,2154.403680663584,3808.214035628176,419.4772628236014,564.2749966485494,6386.987661509243,1187.030648180526
4206.163833698086,21.90576708407895,41.63911523529994,1519.052247472001,2552.134076412353,472.1922716754275,488.4536201861125,1243.326587852484,3133.539223632392,56.55723224107411,1117.044795473449,4963.845771257682,377.6592898044082,264.6140422373355,2901.675340821398,4130.994674080863,6191.272118513249,72.267080126133,2629.441213936037,9168.04953043477
1699.889368560473,2937.930527384573,8288.923820013693,2530.728013269525,5370.933189385543,691.6974219747161,1706.792273505451,7069.862224711072,201.6560327084932,3418.39173103326,679.8735643403629,2685.868167105358,257.6201564340561,999.1136750710385,8273.067942451833,1436.73825301228,354.0368805772126,113.7364950570628,7050.098299987176,919.2284941738761
8646.199334699537,3669.759791782128,1163.511688572251,1800.733390029574,2098.884577781244,7760.742193305119,2206.962724321857,8197.512992628665,8068.582809040478,1159.388225179012,6382.691786653994,6345.127050094334,2305.727584090928,7353.616135173088,491.3910125467221,843.2576551979454,764.4000364481715,114.8935453004756,5415.095694760237,244.4151483265988
2168.485665413145,4652.658156009779,109.3168917412963,4657.190687377563,6565.43379874239,887.7258403383723,7290.434312392378,6884.619803485932,5948.288016121413,7425.592172364078,100.6276128104868,598.4986841059805,1304.734370650246,193.8553027197445,3802.122865671055,182.5706695535144,3841.717198117991,6201.340538966694,170.2649644168013,9583.331831150037
1456.274993022796,1471.99840606006,14.87371935098743,9956.418607783493,5133.983854452287,3444.647457883951,4546.977181005908,9302.378106154507,7.835466218539436,4482.269811883623,7976.393234289223,168.9165979004297,6507.254642081744,4412.789401829014,7421.402839799506,1782.186904866111,0.1057380594413377,1061.556769017139,270.1327040274646,3191.93865148551
2670.163033423857,8272.29720315596,8694.639352181068,268.1050103239307,9329.538116739925,8.739122083264345,1143.124445141349,8435.636316896791,181.5172553327176,3060.825057606882,49.5607083163804,2266.186705446458,3062.302846266252,9855.281991861164,262.454431472156,9674.728544648751,8199.833623899742,5167.669881028347,121.581659487921,918.7065956789787
357.7318421179853,162.0250904782118,792.1643595947163,5353.526014012616,170.9936029692906,1413.781597971045,1613.014571847636,1506.303944182219,157.8304073467206,9474.872559792209,3647.927691988355,444.1037985757906,3.199196241476706,7061.171229232598,1491.285869859759,5741.722590455965,1565.991857434508,9551.88579797095,2401.683350203428,520.5043251595154
36.9160366476422,3780.135947826784,900.8729193490262,9397.885365770382,643.2329232650196,5809.370034642132,1618.933608831478,6143.663349571073,301.4404270723098,2772.289621967685,963.9093646593143,22.49625713169733,6667.889140653019,4211.856778332572,4917.912915886724,6802.090658292643,6576.253156968086,12.44941132703968,5489.056910901881,4262.965403116053
684.7603559333691,6001.222243398654,110.6620135760481,1036.044959761314,343.4147492536571,2540.918872801124,6089.634615004305,8876.377822323355,1653.344073973553,258.9288824651485,2479.648388950615,7098.766736057585,5771.338455960232,516.3850211843902,711.8618607149914,38.22825335062798,8195.951568285162,2941.097907955584,0.06070249493338365,1492.729639416184
333.7375095008735,2267.540552070777,7727.186020959046,2770.857548410005,6555.192163523388,1136.380055490638,6468.176671793307,6687.018868819122,7983.731889769656,232.8410568986293,4158.282581902755,935.1614964624958,597.4799055869092,2661.960739445775,2288.092758899486,7629.309435647948,246.960262555804,2756.195595785461,854.0571247284078,8264.355856183609
7114.422005409516,5827.749823585854,5185.524429495893,4630.008821828137,3720.177858368917,3396.277545570017,3874.628309471801,836.1841659766085,2140.809698861395,2423.775072094669,3865.479123915539,2.580638596568412,1758.636669920959,3603.74295202749,374.8771498313404,9173.190003835842,9875.645673905581,931.819665011179,885.1829495621331,3018.411080433583
2531.7836571322,9843.347846175482,2347.096604523913,366.7616669031478,17.78586969144027,2441.663255329192,44.80982586151178,1722.064170111822,258.412813814085,8861.000303088134,0.7307100671584851,3364.654541690387,8646.042895942675,19.74444210792666,2573.235075728362,322.9299969337392,1011.122127742685,122.9188448073664,6525.266262797784,972.2677522057677
8948.49885605827,397.9558426233629,29.93191021241242,4642.790158371352,5300.518359255609,375.8023571315144,17.86306336109402,7137.456880565714,33.1526867172567,1633.162657085832,5954.771877096434,5091.658922565758,198.1109856208259,30.59748180650756,4841.037755605122,814.751706819472,572.9890965573107,4746.645668450426,1717.206472123629,195.2975613638902
563.8670788403344,4.877614929028485,5802.367221539595,6661.406281759892,9284.142198802974,272.9758346755413,5827.976770271427,7367.024012730566,563.193964351208,111.4311916825435,3164.943535570137,1860.411885935811,4711.709990402161,1760.072632776154,3.840473152882783,4418.366684728303,3506.26039781978,2501.185284858662,6383.997890318199,1692.308718880903
8076.900461067858,7984.695214510484,2551.444978036273,2222.822080721197,9521.606296574842,2783.713395329597,368.9093993229552,2092.520957683749,329.3710988270762,180.29841808266,3306.43079979804,2333.471676807849,443.0550898854115,1976.934775852928,588.8598174334553,649.5176314824799,1586.242968096933,6452.811383279048,748.9671107105294,4571.780097276419
7211.349445288281,5780.773086503842,65.35653340221857,2876.053199162044,165.6707385280616,28.58412943111581,2090.05725437967,2751.670765537275,7044.757402005119,3593.083692207303,4775.067425203651,2960.988336284614,4338.675457749621,5204.653960483499,3403.588656581038,883.4176095306171,3830.60577095319,3328.232022971038,544.3590593289688,7534.674745520393
4528.713172121717,700.5560343404088,1833.543457988935,931.9235752716444,7591.790501636827,2377.674283645037,9158.970339235446,3703.878144542764,39.9552411568672,2425.76294132987,993.4565369550115,8757.864769818047,74.6594177622148,9169.378493091619,3175.743838430418,1127.118014566589,72.22884100201445,1186.984692984786,6692.881957756019,6687.588933343294
8539.691297435673,5054.55602962595,7216.062644619792,3066.077942978964,5251.252436835518,5867.028692525264,1592.211967931302,8486.973839826269,11.20070532183179,3828.751101411191,5919.766185603086,1295.798210100819,7781.821203682618,7737.938481659193,536.5535157303918,5719.086625399974,3898.632889838842,520.2698124410744,341.2891019766791,140.274571220064
9022.789037058141,6671.999540967972,5222.720489363571,8586.694341082051,256.7806759707989,2925.595537060628,1740.2858381948,18.98533205746784,7688.486983772415,4105.905660149029,7622.081971283746,111.8001638305876,8431.460225561237,4084.457909802823,6290.844854509231,3810.040716932955,1027.944766329861,143.319829511566,8768.67878888118,492.7389648840166
740.074262433076,112.165985661016,9733.814396596259,8340.808919318722,9689.918292537641,74.91898468273676,22.35284504404833,9760.273577442178,117.1078133758238,5285.232166535633,6349.783566068328,61.86420098084567,171.5273508192986,110.607750913263,325.1700819121784,460.282520024501,74.70851661217792,29.13958574271149,6019.228355014561,5403.836096580756
5803.011652489075,2585.895700831913,7035.354252873532,658.0952748269037,2548.650684455925,8257.735968751025,8360.20442610747,6.550731671763371,8552.166023661523,3638.081976495422,6842.926841202821,7334.961425665536,4854.551437949713,7202.615425380466,70.42574308214459,9376.560453667611,120.1960381971654,5761.302829416045,4875.497121330523,8492.466380665375
5735.281722230874,5072.762187680617,6312.650826905287,1830.119417976252,952.766688549572,1914.315230476552,495.0033969549083,444.7767008230712,2140.743861201434,1135.171351539673,4149.852312912912,9226.052372825445,2442.9068376047,5395.323608785773,5793.481399569308,27.49387415773717,5188.750515500255,1945.199915112352,467.3660085298385,454.0326767114962
465.8483719595328,196.4155682401617,15.57690218872059,2282.498405188584,1638.170365007272,2527.248989179864,655.3593561640411,4125.965555777459,29.2269013794234,5841.113873625673,832.0650184825231,96.38998080976334,77.02734952209255,2319.284752371752,700.4392732552602,4666.197153480994,2532.248994295481,6433.153444740946,6325.621517021449,5904.483752015834
3120.425172172675,3864.985703945064,88.94815008815534,129.3225662959381,1494.863901579661,2183.674607707961,9111.34301076116,46.3793804040632,7180.119764431221,4.286438234120399,111.1052571322771,7289.548123530374,2249.845418021783,13.64519813436448,4261.012728996552,8802.492455572314,311.7343896744753,1774.262356518513,5584.776805166802,1589.952799404158
6502.912059477415,625.7483702826995,21.73654185345137,848.9336288722102,1852.823716601304,2079.554041476685,1261.039789530075,1631.208970262197,1574.589343401886,16.15288937642844,5966.134600478597,4470.555509775958,614.3884772957449,5529.183218297712,273.9467341904498,423.457670715994,3445.76520897692,5753.385924659905,2980.202103390922,6927.582090640391
2621.742375572019,822.303971386132,6859.980470853525,271.1508410756448,9635.926752962843,0.01282679155909198,783.0648588515224,89.23262187737934,784.9714298845037,4202.890745670441,1487.831930698475,564.9151041107795,579.596864461235,86.28557353190858,1461.324396226827,473.6943206191962,922.1562348578751,5983.68380702289,0.1379721295282914,1.93430051935072
261.2510636320366,3.398397928636301,237.1940088507168,7451.348317107057,515.2427208006669,8297.035458911598,3474.406212264777,79.21077795962201,9156.943447892381,8814.094600078448,3366.334719660593,12.94567078455836,5478.510705091378,2834.899093947251,7340.043339385176,1272.262847691904,1306.863312502109,8696.953652643055,8263.530156156354,966.9546907520778
2359.778228422484,3061.172678663872,664.2310770037876,8070.333415082262,85.77474763904492,9537.089676855707,8691.867544958546,108.6250725732728,469.5618623017996,7476.071659407986,7.474647132180719,399.3488812043584,4676.760287119579,7683.280957543803,205.0431934474185,8583.4913709586,7092.373245651102,6101.844595388704,2833.488212194472,9264.335207324264
1736.136801182209,2218.772007287542,3749.791166135744,2831.38080444729,6034.350239489646,4115.721005591644,456.0681033494967,101.1588013590718,2781.80504025685,5807.067890743218,8473.270826928001,1230.217913271247,6201.51978602118,103.9672577934734,4035.031504143524,1220.700540722584,403.7485475208704,1810.360523653361,6076.727183829618,8333.740181500158
3613.060257600592,29.12903269382821,5727.112521747315,1234.580479549121,2010.954744538945,62.95583585946904,98.43370838895268,97.87421585065061,5135.239931696553,696.0640196482688,2239.27269473407,2058.997623434238,102.0254306600942,1409.577024191741,999.4054144529831,3.124089588866081,4564.794096436592,2828.752184871787,1043.100917705521,1039.197382918721
5036.341056099282,9553.497962324309,0.01137818951752837,4091.462301919763,1680.29016917995,8141.232334271288,7265.010486348395,1733.759159969459,1841.166977525033,5679.656076754234,3716.557905420644,548.2617607918469,7238.228355168279,338.3969525505519,3642.051411784047,6208.463084913477,2363.251762191765,5464.833610772782,16.31912516739898,1179.32508934412
36.55465758116718,7785.737362281426,168.101155482155,7525.846715810414,5057.368478872817,9969.718670404505,3953.615425422838,100.5935185565877,6983.0448902167,1774.157394775977,1534.543245133617,282.1433443614449,341.2668942983727,9689.657496545493,1225.901469190649,295.4820544035422,4695.210266838185,8.516858637438693,5662.903108109422,2656.703017929742
185.0752416951358,61.53039007485057,1545.227616304041,934.510783590288,6347.765492420279,3955.229157799749,2577.202556147343,411.1363264539697,9963.12277162658,1371.421187989928,14.17631476505135,6709.595951228917,5336.776359290701,921.4182946335962,6134.324722697996,8625.927776807983,8944.66159592556,1596.736495848591,19.88471250680441,139.8244653044877
5384.037001412139,2103.059640655696,5998.598461219544,21.62857299930322,144.7949583074869,5521.93393735953,1449.685987181244,6954.682729934406,6637.647275020219,9762.853750702901,4864.61186573431,6773.893889129294,8063.237301956609,561.6923933796435,8054.169220004579,7778.837111739071,1516.770615623385,384.3492686087852,3496.280353867642,6516.233616844544
3982.790378990378,7601.200077369914,1884.182797826476,3765.371099081295,2555.887322050622,5116.486281106581,160.5431561213651,449.8015946718917,6526.9769194683,8262.320276893357,51.25736934152359,469.7238994999321,1220.569168455112,3872.999406165181,2063.410825862315,535.8460632513651,7399.793617909161,3861.8895089453,46.25584976229141,3803.967059852824
3819.005297663482,1885.56906220584,8059.03572732403,209.2069261650795,2724.296702111442,3771.71208861691,9848.443931502738,1240.56146195526,549.3098063022886,3265.425308316767,9076.099448533632,1463.094823747183,4142.191850861477,5308.98371738277,4225.465594441949,3488.896440150169,7054.712960226189,448.808493862147,4735.969188318743,28.36694211087663
7268.79880450607,7823.068154010565,7938.548096132703,6632.60673645882,1504.20563283404,1.583588922594349,1971.765649360505,6.30481408975963,368.9859911941324,5189.446420659274,8439.446220424315,1729.227671352819,838.6376092903432,131.2255649964408,3944.986305685169,4778.125361135017,633.9685859570288,7114.000719971941,1141.491154218468,9503.398418913952
5526.858569996138,1481.113344963804,1238.481900228977,1028.860096684544,350.6349438297159,5416.070704648723,8800.439411474123,7849.942080040637,7948.18387047441,332.650588189249,369.1244780488162,8205.804577955532,296.3798706437662,82.82876308265436,322.4704527874105,8758.680539747909,1503.360906805342,46.96177548248691,232.939596629754,2584.145216355518
3344.038408002098,2.988235720752991,8330.483201615634,1777.231296860702,6083.339818040095,7703.711659981135,7341.543899100652,3525.439370693001,399.3660327612816,220.4767211481295,6009.716112261207,9324.512458627569,3767.442051063962,1507.992122956271,4536.473256540903,3771.038327691449,32.41575075398874,3423.252284125079,2970.020619194761,691.9565613525707
8401.779035286836,6871.416200790904,5948.482368817849,4284.231269812961,5.691773415954614,5406.92773755316,4238.211684985677,3653.39676899024,8912.097791733668,2271.640680737487,4378.729446464969,1097.438827409702,3727.467706766767,2188.384867922152,3065.796233352891,6242.853746557301,16.15503311831426,3952.430494351021,2140.479321902178,5870.352694709932
6700.652334892767,462.6148931833813,3665.694087971885,8582.694193519075,2846.64647475304,3535.711855880512,8544.330281069324,3660.180142630376,0.05968524223932559,291.9522494149177,4066.804033816746,6222.578644994296,6961.601110191534,222.2720159142241,6639.207953708835,4406.077581290348,128.0220781065318,5400.007283018093,5729.162894972265,1195.476648166848
162.3463713636201,5943.567248657418,5032.678102589512,2048.034008369253,3988.331733773322,7510.166359536941,2760.483053819749,1948.285976047447,456.3640836604731,210.1453917164851,168.2456006951478,7988.162984199621,6877.272150182313,23.23786189260499,9223.37958636248,3376.15089580137,29.2754096177143,5719.446896106335,4286.785064544591,307.0536410017666
3502.533255441091,1683.031956521329,2342.803566745664,115.7906683581182,8104.306397926164,4036.706149583162,5077.731500209034,4583.197287906209,5780.148127439128,2955.419205111683,8410.959922223235,503.4824753374581,5672.39995483654,7104.53593363795,5.458044130470316,8769.086697425839,2951.463703106426,940.7053217221163,399.6455427709441,4211.798720179373
1011.59062923618,8595.886257272543,4346.486245999511,9765.918140942358,3726.647366895131,1212.404294589074,1971.80940193803,2811.229865544148,2535.339018379128,294.5109116437791,7683.233625513129,9899.703390134979,334.8127963096865,9.073165805706639,96.10512472382631,8896.468486090498,1566.934758075474,1145.701923081353,9120.744266962613,3577.524672996227
5208.501840463339,348.7400245072307,23.03409651412227,7.569091241444099,85.46062898488246,1.459795502839728,6932.242985569271,156.3439015833198,6632.410413865321,6273.314206082502,516.9113211237794,1562.002124911963,137.5695845994736,5655.914739383602,9076.313412634549,510.7993769566642,1424.95801910247,4174.960132793341,2016.762993513019,86.34031353868255
5318.089197774885,627.5833959869919,376.4011420965243,319.3393347462746,4600.990819634896,6623.247829802496,197.5468807250338,9573.76217841351,5216.467293412697,39.50094769663388,1303.545180389205,4557.668771892265,5992.815679990124,678.5117087086484,3834.663274033064,4899.400547859306,1308.211956640184,6978.004155156722,65.79544718717273,4441.672672659879
2542.192079540961,326.3811394935354,308.5833916921699,3617.12677927306,1404.2226153691,10.65015436297806,393.7713580126086,5533.730802253674,9438.797711822144,115.7147586672226,3634.616772051615,29.83247726679884,2076.285635572367,369.0615128943379,9777.318857153386,69.76146274780743,357.2708110372711,2124.59743698762,627.0664248787747,133.7415512223101
4494.974610206556,3210.302607380925,5525.545492898415,5346.518665430153,1422.208134241199,5223.928327128164,8592.48619935748,5718.532934011933,92.59237051521727,2649.211999615311,2353.368264276122,6079.78891408796,9.191743918390062,2.38320761268632,322.1178472462278,2232.202924445415,205.7379980538123,616.0587088187757,8700.020212752692,256.3889112781404
3123.848897135303,4197.335903062784,5830.287623417345,5408.772999983408,1043.962142881367,9719.639301482719,330.3520346315092,961.6766343548348,14.59982971380454,414.3207133801164,114.290416513422,9422.502597284372,638.5976492517676,5735.965104788504,4295.726722959552,8.585056558002675,568.3972028042613,2990.087203934411,5223.539199611974,4373.563885413379
9288.48940348504,8065.581041421193,435.8764909336891,608.3203644424294,9994.996797960583,8596.606390355251,19.94943627204838,5539.412882520598,6497.828677830002,8013.825030867511,3087.024208669178,4750.433359679892,4435.332660910763,5229.741664770165,299.5848832854559,5658.800393761092,35.43353263760712,1480.429380264283,1311.944628811835,2018.084427059549
3.48695582697757,5220.486721437186,101.5957389895304,28.6795951146815,7593.114611075759,8544.766503868401,99.59651912193534,431.8986963880692,522.3149095303744,8525.434334062798,183.3229331967051,5876.269662839226,1283.630214115974,61.01925867007842,446.3893139375761,8290.450593968451,2198.205225213462,1987.182294180109,9719.391604352453,7859.590338285236
1647.428905971959,4724.729176530219,8.318925159841481,4263.369598396508,1331.171485120966,3493.513448612179,3071.39488637811,7956.529682613335,1872.427215659127,291.9351737887395,3941.679620145909,162.3079114415151,2855.399345522725,2315.483443419163,1084.427252656418,351.0819802661067,2506.784063820149,62.98270230366395,2761.493565858551,4439.722570505357
222.4305298001306,784.425801798592,1.19012415439758,4354.943769168714,2356.449428052171,2021.817201728219,7959.769902447018,44.56164221490442,168.6396199598356,9971.351321162871,1133.802552957075,5521.794256176222,7569.818670472044,939.4094378544685,1797.320935452098,7641.49003012794,385.5064214944469,171.8016691115319,6340.663633161543,3653.558142387684
9066.66887765711,5842.744427163635,1874.153097742626,1822.82695464374,6865.73616590132,5463.090289942059,0.8135808726096688,29.47822662991818,110.6957565142255,3454.360863600028,74.91435044733451,6397.901429407686,207.7555795076946,9532.20625521114,3956.150308547272,2883.00397957234,532.5356012679836,3779.171761306199,3423.156375137735,3490.022702240013
9755.295881199105,7570.811183109965,0.416254397111537,22.09068161550957,9458.788165760838,8640.877928578262,1264.064929372387,6425.427502001173,2149.407399798368,148.6147281797933,209.1812845541891,2829.954143350669,8249.699018393329,169.6206136893907,7975.605907631093,1650.685236139652,2279.128198587061,9071.724301538343,439.4489908287008,8431.464839191
7206.285144429037,2964.811596038738,30.57029444398594,74.95161760025621,4243.893851682605,62.14320716432255,9819.984162029617,9601.394094377974,0.6522369926133568,7290.236235471267,7.24554781220231,4727.345738325991,255.4555775389233,31.43667595584042,3231.817227790959,2711.347673276429,5304.107727282868,7757.88414514343,2604.061618062777,7229.729125819861
2889.733451967089,7850.546108078139,7293.365243822459,1004.316295588646,373.8688742475456,68.16134805991059,3338.296904779439,7964.104273311702,4004.095559648016,8991.725064085031,5924.825704227268,8259.949782869608,1189.671654337806,4847.071621419473,3978.54069969597,7296.231375198648,1.039318056982887,9352.653419257405,9821.103429475868,8167.820329628779
2164.56629071761,2375.138361207448,2262.29524101168,3762.414987036909,2648.171311668307,2763.867132469145,2150.611799171681,93.19993740541645,3977.982806369162,7582.836543050019,96.76614314801782,16.0158446181357,5454.02993613247,1253.637380526589,842.0242732617741,1186.91277697304,194.1855665317636,436.2420397423466,29.93635781922722,4616.613563879685
4547.938137769575,1827.537620391921,771.0085721416737,4996.13676048709,30.55495767209481,5122.967223537742,1299.196948459814,140.1024968007311,398.1160768521044,13.82271883050313,409.2384859224721,1711.630215537832,9492.515285032194,441.1992334289994,292.1456606475942,560.3421300317979,13.28966899197415,307.0943335032696,3538.539410382476,85.56567998991918
3414.649345970365,9685.617626442896,8902.298166110026,7168.259465303759,12.60168195267259,2784.795832141151,2379.615769506864,5285.785297310008,294.6239906563227,7192.763680722281,7128.04602159691,96.02954751110998,391.1211417989435,5421.403710534235,191.8034872581484,92.87653459268358,774.0159281822833,5863.415002427293,1767.915178990737,350.2439242837933
2495.434569094279,9976.311722223203,1378.892872603266,197.5581160945796,38.3026820942523,1396.445821473574,9631.761607316008,8828.072932644998,3718.382676296402,1083.763639608618,3725.609600702612,4051.62555055365,7711.804387358728,1206.051988749548,2099.54399968034,346.0740381424662,1806.923837693758,1820.478777965334,4024.526633949225,630.4596563511233
4651.936059310919,833.1080012396733,4835.275803896576,1042.827578340922,1060.859534127256,6241.986538025792,1.791062363317812,484.7686891273923,4315.616968468835,156.5042875875388,778.5143583820151,3457.953813302131,7975.896505938609,9762.474233517047,6614.562004340491,6331.530796251691,574.394002731892,2697.279319187965,8109.542493867229,734.5701502215159
576.7467131705664,3607.609143881093,7993.286162900362,6582.184177697737,2208.873992272915,6034.339533697123,8385.688163028681,7947.995263395836,3717.339760583839,9944.133282174716,0.6373142219389801,248.8105109775531,5698.208950090551,5458.536058296843,4284.666948188006,24.58062431473999,6497.690816829946,157.668815567494,813.6435139836526,257.3013397580992
0.3512535529527577,8098.343156734732,3872.716013460134,4090.676515535348,2411.995925537971,1820.178753756639,6270.769427910049,441.4914623030867,5462.03548825809,6290.536811605124,80.41608712598334,129.4422576619211,7034.988414065871,8.622913984809051,1894.921780764766,2826.025582109963,1038.777175021503,39.54632269343445,7690.131442022042,9232.624673185159
4088.718908953019,6127.486940537186,26.5202563972864,12.060890164936,3942.74329065501,1866.991698443575,1988.841936894821,48.49742893296638,8665.353277586086,138.8264680707388,1222.373632889689,8016.204144007937,822.2941387621534,3834.436535810114,3506.336870726054,3652.780228578376,152.4875609780066,1353.523004714414,512.340603807531,8517.911311221929
1143.945792231392,47.71172849896757,2858.615148318835,46.60302485960504,252.6585163510357,7781.018720486554,2456.70940689382,266.4249962257425,7416.907932245525,6782.573952525967,2078.716432892703,1053.123985722858,219.8639815973642,8196.955055933964,7052.960449878938,692.0324331024655,6126.144381318077,258.9764137937357,1227.003841829923,1209.807194178571
781.8870171975105,89.35500983508928,2970.393616267344,520.084584826788,5208.91430054496,3332.74419274412,7388.073942907648,6877.429993453476,2485.236203253906,6952.459989009235,71.26483403603858,3025.037709237894,7931.9284161809,703.0135966539995,7228.939923869864,100.5655393612898,4189.958435609331,1780.910496434598,5990.66615355294,1129.530626647645
3338.703547702979,6508.04356646937,4460.10026769632,5941.428163522075,1197.874542461017,2349.43114896401,1279.996898384146,0.584210894785099,2352.984017165656,4023.251094258415,3737.661278773844,1402.320757073753,521.7585641932366,90.40281681836623,70.33057332908402,317.8708107335759,0.8253661117232211,3403.053755923112,2079.60743612491,3249.980741714596
1438.713878667125,115.7713769516803,7451.845548855574,2120.214826025441,1189.374029496971,1893.766705621575,9354.78401236207,641.0431099554627,102.5595821891266,3681.938387916588,9391.907306578192,948.8355375868172,12.01178348160699,11.32867286469577,0.2347973652467382,718.2059782336082,8302.691430552506,2920.830215344427,4946.413164833414,4991.763705277624
1939.231243480911,4872.35838508182,345.8486062694143,4009.47674319615,1970.406658682527,8649.664859892771,1405.039788088884,1957.482428472342,8024.271222008284,7044.612568839193,183.5294468470009,4316.411149497407,3022.133191716849,2781.188236488581,7846.934989343141,4974.352810046293,4641.391487651698,7431.338486606435,47.17036912205784,3142.174916600948
285.0089768307654,6867.370599909577,2347.841634113114,445.7911327522838,2.31585730634366,21.06342017576417,3161.670098314014,249.3547200288725,907.3775199463446,4002.345933984484,5286.046726443705,4336.680394176014,153.2644159193687,1955.646652800401,1743.228359902611,854.8542206609095,664.3050367360819,6794.039646637408,3057.374531916111,176.6821470151269
2115.798148140163,5989.807557735756,0.144880303874219,287.511010159223,830.0367310176086,1297.280409979998,846.2677069971043,1724.791870781485,3454.116480116078,8012.846909843051,3122.107096717532,3310.551983588589,4424.564791088076,3307.629647023351,146.9775309764995,2233.969742379717,72.47463125263435,4384.956950071979,7967.541261587169,16.75390956286998
8702.782649031367,7841.51515447741,352.3666758385343,2581.791963878311,5988.44395585995,374.60293747624,1857.302406278113,8966.903120504066,4688.660338554268,9270.096954128105,904.1022790587371,1370.144928096602,5197.612712559026,7350.507104627984,4586.706494507879,1562.241689482041,2214.065546038313,1710.540299455957,2024.630580765003,4506.893997995657
753.7926310656568,3191.002390293664,8118.219985401806,4387.8558039378,3073.478626012826,100.3248746492564,1455.841792866125,9.942187878484821,988.943771815762,4349.667675992649,2144.605059400099,1.354423420452909,215.4773400324611,47.89025331069228,7410.27640531307,5988.769751091088,1145.064038524527,3591.089100624753,2555.92678446711,663.26868430396
3423.688100916259,425.2177296481885,1512.500471403656,714.0730432159834,7532.917708311161,303.0951768139759,5915.94312166808,150.2343883765168,6588.017748985782,9394.235714279486,7481.448404516732,4133.474708463565,3919.199004291156,3273.180005422719,10.55994453406591,49.0270154076722,5259.547472862441,3762.872380420002,8316.581619349825,16.48389878135124
2670.92592034602,6146.045371634799,2535.667226794832,4816.349063397464,520.1704123944595,585.2004634459122,6076.063535183582,3384.664475624253,7724.79860612108,1459.788875609406,2939.188452402348,4496.929350291614,1.225258045399522,3524.483013314046,5453.8619422819,3082.142058290384,7316.411163424377,7332.232477195572,0.2424001842071566,1.638404220773614
4654.979767202102,981.3123721418702,5012.935687351644,2278.215725061619,137.479049958726,5608.810134577529,6781.301742591949,3477.292658244224,4624.978334548768,982.9983416456702,1159.319589779175,254.7846961348423,9268.638681435397,6714.391837036318,496.4582434423235,8977.574607105607,843.1653906029926,615.7237523485356,5002.896139305576,8158.491698958985
3752.051099217442,7718.271540368614,834.975102098709,18.84503240750248,329.8592140814703,818.3786809898049,2118.343197291968,357.8208071018304,742.9900069571817,1617.258126729169,1039.539591267485,1112.014031538804,6630.729688252512,1009.543217506512,61.65120288467583,1201.798450667093,2697.702782206176,10.65909619740569,1071.111447010841,2644.858671840572
3957.324205225563,7895.303380686599,9810.978335401598,5923.613660447834,7568.183074555714,7437.569379636127,464.3646022984364,4049.547735385777,367.6662417173829,892.2246074527578,5876.386846014277,1491.351830951415,1193.284643219345,8466.939728501238,9900.40449771225,5717.014333166965,4284.138512814783,94.19376890582119,409.6354706300525,4333.684814502071
2679.284598303377,8799.157806329446,9669.762301860432,1725.87538074671,9810.124825208233,494.3308884248593,1479.447073121052,22.65529322669266,5518.588528842971,738.8924918502923,7769.927531153267,1133.411092030618,8472.097033040571,2858.462406219311,3036.018479517504,7930.330274241614,5426.296074345918,3244.411896526124,4783.492391232459,229.8027147158851
5584.037716877231,7995.258070377651,1339.054947148051,4824.422386099748,7449.837607707211,2888.289441159426,3186.59724851871,6.78340037771806,2281.945654656274,72.34407771179033,4549.743718121251,270.7756713911045,1092.039796289408,1207.275485356446,22.81147316465777,558.7968942311031,142.7579584410605,116.3576300006525,9529.355595808473,3191.197969516125
1994.076793746617,2854.901278888582,1049.968407602921,4412.768346297098,678.3123773571182,3005.081587395543,527.2267152233841,2122.783731406836,3467.478273553621,61.19677005067616,1896.753193153777,2631.803345258479,8130.781526550312,35.91304563606872,15.20276185293484,8514.013104005295,3299.26770238677,5251.205292381303,29.20648342502038,8352.425051238655
2624.056014939385,5766.205836980559,3686.128972022917,1601.951810558656,681.9269663005713,4431.601909694462,6959.150750802945,158.6817306328693,2429.912558236535,3592.515341327321,9036.94805925384,1236.537758325887,2465.145373716447,3865.40061136024,1689.389705933585,908.6263507186269,2231.385842120218,4126.302277657566,3840.848408194077,8603.564833649789
5871.014261731451,172.9985593061504,4762.62370527832,386.0877102499444,1022.278949586613,5394.255126906784,11.747050714033,8019.355575222938,158.6694882189676,1071.255648276076,8904.169025351317,2416.058035332057,290.8329727023299,733.1366939507233,4007.430678048191,267.5157182350698,6632.150609918928,2014.001849844621,1339.999253942847,1015.612659892997
137.721850214494,299.1939947416071,6909.887436344156,9746.977586514269,3029.402729955509,153.5610511145318,1805.076448977356,5023.959987689182,0.2442567628488868,104.1675713368711,4691.010907475069,2590.065279396236,847.5024780191675,187.7290315147859,3273.407974463761,2192.75371610109,140.9418619581305,4231.96815485389,7371.885980752014,2232.468142359724
307.532323454174,1204.494801221063,5450.479183887137,16.01360622432439,275.6855579211622,3117.93830866926,7252.610813307792,3962.661554484273,97.74069703427878,2298.504367169127,430.9638687564623,3316.00695977827,2977.413459334654,253.4925890618031,2688.918956990522,14.90616311164482,4648.732181580586,2886.945132665614,7231.965116708552,9335.97402382371
5358.660645105165,134.6429195921112,708.8452207579957,6170.224596382428,44.70843095318145,6292.284933796069,137.9140737429821,410.8688730098791,225.6177152890937,3119.305601808393,9897.232501379422,3326.238038063667,3529.638491653047,17.0999999992903,3.319042377070915,8727.138902984636,398.3796058165936,5714.535345217422,6347.082396841744,5733.052646468553
114.8459473745379,4697.305119036798,4499.657225221025,8677.90988062004,1442.149298155974,2045.327675608942,8475.947667154294,7438.310847970441,310.8210297002711,6011.321642882335,1158.877273149484,175.4618352045974,4418.157738278521,4281.944316208396,5862.345785508634,1721.451685786415,8819.171443070572,248.5768519791734,2089.393733276437,22.42793091457562
66.68960310863437,1353.706005794569,7659.471615792361,3226.47224575091,1874.355826254756,2715.552070695239,858.8758974839154,8059.535212114999,9576.185623823871,4263.000506734019,4582.715063473271,370.5369396241879,30.81388471491326,8438.683693732281,8014.246179530118,7534.909064380287,253.6345722454629,408.9946583145277,6936.357997387656,2.342162740162307
2649.363242749906,137.3377060852188,8848.701696379876,672.9741731893362,1820.054456178058,4706.248366288436,81.91102537192282,1371.95182889105,1434.807171169246,1737.84293401943,2442.547441080917,4962.658193721557,964.7020609839086,1146.882837114947,1801.19657186805,486.8526716053569,2499.38722597151,76.66966250877394,0.04695238165987024,3467.759862322032
125.8550411282284,0.1217847515876235,927.2530421482752,5260.590631591683,419.6421604343917,93.61682941181307,9939.42347427291,5436.039719771241,5906.207606838564,2786.172264846709,169.7512816058975,1193.922102944756,2378.803598056239,31.63437593956745,100.8781244784581,5046.906297361005,7935.425290970165,6035.729974465768,5937.937675578561,93.77383488532585
66.22258288685617,7888.651697946592,23.0787427788287,259.4870392630099,15.72395933254916,1521.455463736826,77.23409377783105,8615.095496330823,7742.473376585984,6348.973521617972,3524.092502723916,5764.245595321337,639.3761586690081,512.4051496738332,661.9670225099194,2536.900128996756,4994.994807471716,4080.355066284232,7503.261751723684,8906.121801813131
7865.201977672852,2460.951897772304,2370.944140076172,2294.578766768421,1304.516118933012,1464.536653381525,2751.885875956646,8413.456503931799,8844.141353399402,918.5767829135656,786.2984424887084,9321.087806618305,7.61346530180014,5021.536481931262,2677.759677347803,22.62684331695684,386.8295313047466,7634.004750967945,8870.082973762934,8630.282187911982
7878.109622436595,70.38632667410572,9753.668858264329,3004.431540786602,5473.374202398869,5832.385640451233,2389.340445302261,1236.699641029056,44.28913058921628,499.8660852753339,826.9122685269309,23.92609833296596,39.05520359124125,6551.1493302269,8691.974754068728,7327.547443248053,5291.547145290156,2153.385530115879,341.0956776939465,1646.612155538767
144.1217275661575,9328.975612474944,5.861796372943592,4778.2342820392,45.37067037834924,258.9465963735502,3426.44151497722,2961.457964932403,507.1096799770953,131.8422775527553,185.2502909379735,202.9923814487,6157.955892403668,3772.899513628392,7134.208834586609,2947.534673254008,4196.548429038943,201.7644448773232,6370.19251955507,1736.30711493155
2093.929792849545,8025.163328938595,0.1927480157181149,77.84567569923519,5941.833749013091,817.7046373043911,51.96378950651681,6920.314729579558,1798.750938561501,3091.42970375073,1622.642854099988,1658.79767954134,9452.133356806577,12.25508147897518,3355.995252593139,3653.472316171525,2616.338773198245,1626.689879883672,422.4688190534881,1100.839082446927
3063.196449472727,105.8749684342755,1254.491742128097,338.5801817989619,9241.444760590699,215.3160540090602,2688.791557843985,132.5317256340152,8407.07762588705,1530.685259401238,50.67439305368113,4586.305562013119,1825.836443900836,9540.043612258763,1991.831451307006,4309.181031940903,7829.847782879706,844.5348019870213,1081.654472456334,174.5712939335746
8943.663814889986,5091.015649524249,4799.571615907133,16.13938687035929,1740.712285550182,0.008351091767307325,4401.654361772188,2445.666362108127,3639.613652880629,22.79866764212802,4.741717883144034,7748.408835103048,4583.242279016918,2710.919885158453,3248.720911592274,4486.439772511366,117.2817512908945,3971.964912467181,8631.02615754058,178.165523698935
6160.594029754547,6146.179103608653,567.5870336593606,2770.543391601642,2643.255404466363,231.9377574424912,9690.577144862607,3733.645120283244,1232.771486003597,5717.472339600048,160.2339219370448,162.8371086306981,4423.425668084154,9780.407165688033,32.43404252672504,782.6229638470022,5069.088055113673,8323.312399153594,3827.71491643119,7578.222584426388
392.2045499515079,4613.166488029613,933.9880600282851,1212.570469304856,6822.227365600332,11.98265026265637,4321.435579776668,3893.017827084659,2305.792531476871,306.3431408675746,4615.577202059978,211.4608924305047,1420.780559625113,4568.730522043215,879.2003564164544,1178.434460830995,472.159303169499,7.365638164146799,5885.831241992723,264.436583342399
3688.246944200576,6723.413384897825,6478.478518824164,8791.852093054771,113.6877114849135,6.355069134767674,4721.924383543601,23.37472773222379,216.0389532042813,8304.08983333984,4.724715120558026,8816.94729000609,235.5960984446719,2949.781985089548,3229.625516419586,319.2163427472527,5537.932347517602,6262.867153908597,9681.048519304013,3276.742186091049
232.2163135605172,4788.728346264365,1466.837159921169,1419.150798398138,9944.930647003845,3667.163476014556,18.37697408168,8144.791108787292,5141.636468642051,2872.998250964156,4223.772998615129,1148.87343463429,2207.705937506907,235.4788754446031,2387.13828061299,7005.764095383838,3419.846110755336,8153.049361989094,79.69221884720392,9653.99201606695
7005.585311932969,882.5025520438115,6849.755902982966,6247.487966993234,2713.651507392545,7857.127826811768,4368.370954753892,6645.341998438647,0.6857363218286887,2337.591265890223,2669.491069142755,0.4711671308115594,5322.7308745315,7239.656988464814,9884.41667590309,5075.810918834009,2426.045756559243,0.02622161711240905,3450.396453140872,1328.385971364509
188.1699144158244,5393.888366726319,8453.502118166291,29.41730623276693,2509.019999892464,314.6504816492716,4221.889533972569,4372.925327924118,2653.03584589982,3308.973232029336,1097.133127463034,9336.714342633361,2215.189568501627,3547.120717924398,172.1289866547174,2.555085701238188,4224.911434862406,2872.996943077534,6826.98295109551,420.5044268858533
186.4573418035044,581.6149491822074,16.09618201279989,2034.618289895701,29.21080962933816,635.2861201822868,9.040338303463955,121.8805073214122,8559.311006205318,1303.378674365142,174.194495747133,143.864040049766,3213.639446034997,2684.374109109687,297.2012908543369,52.46102317912199,4.105249778554622,4115.988306728172,8257.530448240474,5042.172974249612
0.08001992298846899,330.3286595925213,752.1691068850711,53.84612748613424,4136.866692372748,276.6933715691592,6748.516028547055,18.72352340215656,559.1716870770006,6862.385279812536,1825.533805535893,406.9543543321561,2347.537698401405,523.3603519528655,8538.116013429886,964.9915920853814,8230.777988458558,1614.313388282882,6338.891236525212,4500.883489302461
253.6175550729925,849.4070958315104,3434.567446629841,4275.727134157309,6455.290237165972,9421.283005736121,287.9823837685734,7538.008173872113,3205.252231301741,7213.188958925508,2539.826168351935,95.38305568731221,5937.526224695651,2892.802983070017,7919.519738054622,37.21287681163995,3791.208019342215,7.090975138833158,9735.996147442671,8899.872010604702
3471.779918002134,9747.386453179439,3652.087828673876,5437.514614508797,9601.639641361508,1596.415213102747,5196.05970416776,1954.052290826402,3165.242002888015,5411.291627515579,4501.180634403966,1513.406418497214,768.3814829193143,7909.092237386162,5362.16468028582,4748.848889257456,2580.130426842657,537.4718980006355,7011.43804982213,712.3719036095707
77.08547326681742,4364.094290931301,1727.925651229582,6684.03581277329,22.06417438761939,158.1874030339727,2148.317253570635,1693.938456352294,275.9095058443723,66.25650836895973,739.4604305271667,4844.785067515008,32.36536596380149,1656.711929357829,8787.249159240522,46.75730420930737,1575.278714358987,3794.539573680863,1797.034197369346,174.8213786255009
7436.182651601885,1358.262933453796,610.9323341125825,281.317921549529,3686.275912687221,380.8404929092103,2259.037054167854,31.86300691381044,8517.623985211934,68.26904942426781,422.4983317061917,1932.531698260983,8184.556606665,1015.52024503042,6589.538121970769,63.64842783476198,7090.431677719962,6010.972693580019,548.6095858781792,3202.733623318395
40.25833004628164,2132.172777659727,218.8006755237433,1537.970082543824,1056.93749625487,5835.51329340437,6753.437042956826,6140.917336740618,2617.810704304453,1553.487576987218,5626.40341739082,3599.357627573708,187.4841996200697,4675.872708165571,5069.013156524567,1127.174009583034,3739.885049467148,6607.428861326483,19.35317675608445,35.17077593651627
4947.119493722859,1756.448607902198,2725.255235314816,71.45513915368123,8696.900914874082,6941.121529440719,2711.173592953464,915.6344021832491,4326.2979256361,458.1244136071014,78.23647197704092,373.2312410714283,7515.499828753736,37.71695844348811,1765.857555114949,6026.843799957819,408.1990551945627,7814.59941526949,537.531726823126,4355.904961494466
3264.584894659471,385.9605980602944,451.3873256196097,989.2063138814967,391.3743060511142,2165.763814142573,6771.45499502243,3469.019161411856,6413.335246294195,6649.010427382519,2630.327448325118,8625.670862299383,388.2885797034758,7479.954150168862,552.8395833517819,6727.148017446292,3810.436438501366,951.9724538006561,153.640448764525,469.7868911293934
3799.767565413254,954.3856579220757,6178.36171208726,8038.515466300266,8270.991963012091,2944.280453957289,9434.028665347099,2.269674723782605,976.9143662668885,5.118813783505001,1494.943920826267,7368.807690002088,5721.678046824008,579.9459498231216,926.9964243204573,1543.764790215017,6126.641382485986,115.6906799458722,1723.298373581337,683.8407460187382
5649.335719055326,4538.647040381696,5261.812740830671,4271.354280144958,1911.166769534953,1101.507432627702,1641.692573456184,6969.249256750561,3915.233480831741,2855.788205263892,700.9004053498001,7288.57107895316,1804.105755038246,520.9970517640105,1765.439067273955,2354.470084135402,6508.405852089738,3766.862258346313,6410.333889291173,6095.040921437064
5022.10060539369,237.3979176464116,5379.797166424836,1378.625253564509,820.0298578419098,7599.325047730043,4606.602268596279,2132.81461339226,3310.636615593334,4261.575417492745,2212.392690626239,9657.840189002027,8301.461233290396,2511.93901063301,65.12662869248039,3152.498590924766,2955.477951844071,4214.340799102224,6650.942761250202,903.9204088271716
1056.706227460129,393.7425448646745,20.64493483987716,9833.277937527837,6975.615986198554,250.7723104870353,9271.68285071934,321.4569293909503,8316.161930869599,4565.430222885099,114.0592663439523,981.2735823763867,2148.636331917267,1571.230253061862,700.2094720527667,2783.775729398889,5304.114061595916,6.648514234443312,939.7570558240095,4874.892698132463
300.0462335855788,814.1261599338056,3307.90733192273,5213.300589621978,17.86291945816222,9499.670042921627,7038.425116029965,9899.064644978131,30.51307562181644,4880.049423800959,683.5195152065534,3129.128546960749,87.37810576405208,193.4929500100196,1203.993642254553,51.68827044750955,4327.979899127688,2630.010692221483,2165.912259259141,6180.419288870483
3266.450213154219,1691.422457044194,4157.3846317453,9216.574513245623,1784.382084661535,2128.965087656502,5403.264187413211,6026.159165334537,6331.797592822144,1940.457237560602,368.5005043917079,2740.095741839464,7489.118536874466,924.2127347475209,5222.758285502133,340.1560324745369,1229.40363930918,2994.241404386509,1833.134093738422,2017.310045954813
5912.930097021224,3555.950165544461,401.2412621479569,3810.993756858016,1105.510317264447,5420.658651209979,2797.105680130295,139.8007794994608,65.69440435009066,3825.289746771717,2595.265692749897,2824.675246409395,4792.023211184244,2159.277878322053,34.94369864101466,5985.096623670388,8327.9284482041,2063.768633778295,2165.976067038697,5664.16188054632
